<hkobject class="hclObjectSpaceSkinPNOperator" name="#oss_operator_2" signature="0x84488b96">
	<!-- memSizeAndRefCount SERIALIZE_IGNORED -->
	<hkparam name="name">Skin Simulation</hkparam>
	<!-- type SERIALIZE_IGNORED -->
	<hkparam name="boneFromSkinMeshTransforms" numelements="13">
		(2.023003844442428E-7 -2.4472686277476896E-7 -0.9999999403953552 0.0)(-0.03431260585784912 0.9994112253189087 -2.5149685711767233E-7 0.0)(0.9994111657142639 0.034312114119529724 1.9377493742922525E-7 0.0)(-91.21256256103516 -3.6712331771850586 -1.785871518222848E-6 1.0)
		(2.110011365630271E-7 -2.452981675560295E-7 -1.0 0.0)(-0.04784277826547623 0.9988549947738647 -2.5508484213787597E-7 0.0)(0.99885493516922 0.04784228652715683 1.990146500929768E-7 0.0)(-91.1552963256836 -3.4799458980560303 1.166555466625141E-5 1.0)
		(2.2342827321608638E-7 -2.439227841932734E-7 -0.9999999403953552 0.0)(-0.04731408506631851 0.99888014793396 -2.5419350890842907E-7 0.0)(0.9988800883293152 0.047313593327999115 2.1162796315365995E-7 0.0)(-91.15718078613281 -5.177603244781494 1.054140830092365E-5 1.0)
		(2.55510570923434E-7 -2.1253005400012626E-7 -1.0 0.0)(-0.18769654631614685 0.9822271466255188 -2.5668381908872107E-7 0.0)(0.9822271466255188 0.18769606947898865 2.1106913550283934E-7 0.0)(-95.98594665527344 -17.005474090576172 -3.483132786641363E-6 1.0)
		(-0.8753986358642578 -0.28626522421836853 0.3895249366760254 0.0)(-0.25003063678741455 0.9577732086181641 0.14197081327438354 0.0)(-0.41371721029281616 0.02688758075237274 -0.9100081920623779 0.0)(44.03736114501953 -2.8524601459503174 101.2227554321289 1.0000001192092896)
		(-0.877928614616394 -0.2761324346065521 0.3911425471305847 0.0)(-0.23622484505176544 0.960393488407135 0.14779207110404968 0.0)(-0.4164603352546692 0.03735298290848732 -0.9083859920501709 0.0)(44.34457015991211 -3.9891278743743896 101.04977416992188 0.9999999403953552)
		(-0.960081934928894 -0.16228090226650238 0.22783289849758148 0.0)(-0.13629190623760223 0.9826733469963074 0.1256105899810791 0.0)(-0.2442690134048462 0.08954427391290665 -0.9655642509460449 0.0)(17.67489242553711 -8.559222221374512 105.73509979248047 1.0)
		(-0.9528797268867493 -0.23467600345611572 -0.19221732020378113 0.0)(-0.28751808404922485 0.9007183909416199 0.32563766837120056 0.0)(0.09671449661254883 0.365558922290802 -0.9257498979568481 0.0)(-14.012269973754883 -39.03688049316406 97.90713500976562 1.0)
		(-2.5632825781940483E-5 6.8571389419957995E-6 -0.9999999403953552 0.0)(0.2774809002876282 0.9607312083244324 -5.247257490736956E-7 0.0)(0.960731029510498 -0.2774813771247864 -2.6528985472396016E-5 0.0)(-104.1536636352539 35.61806869506836 0.0030323241371661425 1.0)
		(0.8753484487533569 0.2863207459449768 0.3895975649356842 0.0)(-0.25007885694503784 0.9577571749687195 -0.14199306070804596 0.0)(-0.41379421949386597 0.026863906532526016 0.9099735021591187 0.0)(44.045841217041016 -2.849980354309082 -101.21907806396484 1.0)
		(0.8778789043426514 0.2761871814727783 0.3912160396575928 0.0)(-0.23627029359340668 0.9603785872459412 -0.14781615138053894 0.0)(-0.4165392220020294 0.03733256459236145 0.9083503484725952 0.0)(44.353172302246094 -3.98698353767395 -101.0460205078125 1.0)
		(0.9602018594741821 0.1623818576335907 0.2272559553384781 0.0)(-0.13644133508205414 0.9826481938362122 -0.12564484775066376 0.0)(-0.24371393024921417 0.08963775634765625 0.9656953811645508 0.0)(17.614028930664062 -8.569689750671387 -105.7436752319336 0.9999999403953552)
		(0.9528798460960388 0.2346760630607605 -0.19221605360507965 0.0)(-0.287517786026001 0.9007182121276855 -0.3256383538246155 0.0)(0.09671305865049362 0.3655593693256378 0.9257498383522034 0.0)(-14.01226806640625 -39.036983489990234 -97.90711212158203 0.9999999403953552)
	</hkparam>
	<hkparam name="transformSubset" numelements="13">53 54 55 56 59 61 63 116 126 129 131 133 189</hkparam>
	<hkparam name="outputBufferIndex">0</hkparam>
	<hkparam name="transformSetIndex">0</hkparam>
	<hkparam name="objectSpaceDeformer">
		<hkobject class="hclObjectSpaceDeformer" name="objectSpaceDeformer" signature="0x342813e1">
			<hkparam name="fourBlendEntries" numelements="2">
				<hkobject>
					<hkparam name="vertexIndices1">2</hkparam>
					<hkparam name="vertexIndices2">5</hkparam>
					<hkparam name="vertexIndices3">14</hkparam>
					<hkparam name="vertexIndices4">15</hkparam>
					<hkparam name="vertexIndices5">21</hkparam>
					<hkparam name="vertexIndices6">33</hkparam>
					<hkparam name="vertexIndices7">34</hkparam>
					<hkparam name="vertexIndices8">35</hkparam>
					<hkparam name="vertexIndices9">36</hkparam>
					<hkparam name="vertexIndices10">37</hkparam>
					<hkparam name="vertexIndices11">38</hkparam>
					<hkparam name="vertexIndices12">39</hkparam>
					<hkparam name="vertexIndices13">41</hkparam>
					<hkparam name="vertexIndices14">42</hkparam>
					<hkparam name="vertexIndices15">43</hkparam>
					<hkparam name="vertexIndices16">44</hkparam>
					<hkparam name="boneIndices1">8</hkparam>
					<hkparam name="boneIndices2">10</hkparam>
					<hkparam name="boneIndices3">1</hkparam>
					<hkparam name="boneIndices4">0</hkparam>
					<hkparam name="boneIndices5">11</hkparam>
					<hkparam name="boneIndices6">1</hkparam>
					<hkparam name="boneIndices7">8</hkparam>
					<hkparam name="boneIndices8">10</hkparam>
					<hkparam name="boneIndices9">11</hkparam>
					<hkparam name="boneIndices10">0</hkparam>
					<hkparam name="boneIndices11">2</hkparam>
					<hkparam name="boneIndices12">10</hkparam>
					<hkparam name="boneIndices13">11</hkparam>
					<hkparam name="boneIndices14">0</hkparam>
					<hkparam name="boneIndices15">2</hkparam>
					<hkparam name="boneIndices16">10</hkparam>
					<hkparam name="boneIndices17">11</hkparam>
					<hkparam name="boneIndices18">1</hkparam>
					<hkparam name="boneIndices19">8</hkparam>
					<hkparam name="boneIndices20">10</hkparam>
					<hkparam name="boneIndices21">11</hkparam>
					<hkparam name="boneIndices22">0</hkparam>
					<hkparam name="boneIndices23">2</hkparam>
					<hkparam name="boneIndices24">10</hkparam>
					<hkparam name="boneIndices25">11</hkparam>
					<hkparam name="boneIndices26">0</hkparam>
					<hkparam name="boneIndices27">2</hkparam>
					<hkparam name="boneIndices28">10</hkparam>
					<hkparam name="boneIndices29">12</hkparam>
					<hkparam name="boneIndices30">10</hkparam>
					<hkparam name="boneIndices31">2</hkparam>
					<hkparam name="boneIndices32">0</hkparam>
					<hkparam name="boneIndices33">12</hkparam>
					<hkparam name="boneIndices34">10</hkparam>
					<hkparam name="boneIndices35">2</hkparam>
					<hkparam name="boneIndices36">0</hkparam>
					<hkparam name="boneIndices37">12</hkparam>
					<hkparam name="boneIndices38">10</hkparam>
					<hkparam name="boneIndices39">2</hkparam>
					<hkparam name="boneIndices40">0</hkparam>
					<hkparam name="boneIndices41">11</hkparam>
					<hkparam name="boneIndices42">0</hkparam>
					<hkparam name="boneIndices43">2</hkparam>
					<hkparam name="boneIndices44">10</hkparam>
					<hkparam name="boneIndices45">11</hkparam>
					<hkparam name="boneIndices46">0</hkparam>
					<hkparam name="boneIndices47">2</hkparam>
					<hkparam name="boneIndices48">10</hkparam>
					<hkparam name="boneIndices49">11</hkparam>
					<hkparam name="boneIndices50">0</hkparam>
					<hkparam name="boneIndices51">2</hkparam>
					<hkparam name="boneIndices52">10</hkparam>
					<hkparam name="boneIndices53">12</hkparam>
					<hkparam name="boneIndices54">10</hkparam>
					<hkparam name="boneIndices55">2</hkparam>
					<hkparam name="boneIndices56">0</hkparam>
					<hkparam name="boneIndices57">12</hkparam>
					<hkparam name="boneIndices58">10</hkparam>
					<hkparam name="boneIndices59">2</hkparam>
					<hkparam name="boneIndices60">0</hkparam>
					<hkparam name="boneIndices61">12</hkparam>
					<hkparam name="boneIndices62">10</hkparam>
					<hkparam name="boneIndices63">2</hkparam>
					<hkparam name="boneIndices64">0</hkparam>
					<hkparam name="boneWeights1">81</hkparam>
					<hkparam name="boneWeights2">56</hkparam>
					<hkparam name="boneWeights3">27</hkparam>
					<hkparam name="boneWeights4">91</hkparam>
					<hkparam name="boneWeights5">16</hkparam>
					<hkparam name="boneWeights6">40</hkparam>
					<hkparam name="boneWeights7">73</hkparam>
					<hkparam name="boneWeights8">126</hkparam>
					<hkparam name="boneWeights9">1</hkparam>
					<hkparam name="boneWeights10">23</hkparam>
					<hkparam name="boneWeights11">83</hkparam>
					<hkparam name="boneWeights12">148</hkparam>
					<hkparam name="boneWeights13">6</hkparam>
					<hkparam name="boneWeights14">13</hkparam>
					<hkparam name="boneWeights15">70</hkparam>
					<hkparam name="boneWeights16">166</hkparam>
					<hkparam name="boneWeights17">16</hkparam>
					<hkparam name="boneWeights18">40</hkparam>
					<hkparam name="boneWeights19">73</hkparam>
					<hkparam name="boneWeights20">126</hkparam>
					<hkparam name="boneWeights21">6</hkparam>
					<hkparam name="boneWeights22">12</hkparam>
					<hkparam name="boneWeights23">70</hkparam>
					<hkparam name="boneWeights24">167</hkparam>
					<hkparam name="boneWeights25">1</hkparam>
					<hkparam name="boneWeights26">23</hkparam>
					<hkparam name="boneWeights27">83</hkparam>
					<hkparam name="boneWeights28">148</hkparam>
					<hkparam name="boneWeights29">5</hkparam>
					<hkparam name="boneWeights30">128</hkparam>
					<hkparam name="boneWeights31">87</hkparam>
					<hkparam name="boneWeights32">35</hkparam>
					<hkparam name="boneWeights33">1</hkparam>
					<hkparam name="boneWeights34">165</hkparam>
					<hkparam name="boneWeights35">70</hkparam>
					<hkparam name="boneWeights36">19</hkparam>
					<hkparam name="boneWeights37">1</hkparam>
					<hkparam name="boneWeights38">165</hkparam>
					<hkparam name="boneWeights39">70</hkparam>
					<hkparam name="boneWeights40">19</hkparam>
					<hkparam name="boneWeights41">6</hkparam>
					<hkparam name="boneWeights42">13</hkparam>
					<hkparam name="boneWeights43">70</hkparam>
					<hkparam name="boneWeights44">166</hkparam>
					<hkparam name="boneWeights45">1</hkparam>
					<hkparam name="boneWeights46">23</hkparam>
					<hkparam name="boneWeights47">83</hkparam>
					<hkparam name="boneWeights48">148</hkparam>
					<hkparam name="boneWeights49">6</hkparam>
					<hkparam name="boneWeights50">12</hkparam>
					<hkparam name="boneWeights51">70</hkparam>
					<hkparam name="boneWeights52">167</hkparam>
					<hkparam name="boneWeights53">1</hkparam>
					<hkparam name="boneWeights54">166</hkparam>
					<hkparam name="boneWeights55">70</hkparam>
					<hkparam name="boneWeights56">18</hkparam>
					<hkparam name="boneWeights57">1</hkparam>
					<hkparam name="boneWeights58">166</hkparam>
					<hkparam name="boneWeights59">70</hkparam>
					<hkparam name="boneWeights60">18</hkparam>
					<hkparam name="boneWeights61">8</hkparam>
					<hkparam name="boneWeights62">114</hkparam>
					<hkparam name="boneWeights63">90</hkparam>
					<hkparam name="boneWeights64">43</hkparam>
				</hkobject>
				<hkobject>
					<hkparam name="vertexIndices1">46</hkparam>
					<hkparam name="vertexIndices2">48</hkparam>
					<hkparam name="vertexIndices3">49</hkparam>
					<hkparam name="vertexIndices4">50</hkparam>
					<hkparam name="vertexIndices5">51</hkparam>
					<hkparam name="vertexIndices6">52</hkparam>
					<hkparam name="vertexIndices7">53</hkparam>
					<hkparam name="vertexIndices8">55</hkparam>
					<hkparam name="vertexIndices9">56</hkparam>
					<hkparam name="vertexIndices10">57</hkparam>
					<hkparam name="vertexIndices11">58</hkparam>
					<hkparam name="vertexIndices12">59</hkparam>
					<hkparam name="vertexIndices13">60</hkparam>
					<hkparam name="vertexIndices14">61</hkparam>
					<hkparam name="vertexIndices15">63</hkparam>
					<hkparam name="vertexIndices16">7</hkparam>
					<hkparam name="boneIndices1">12</hkparam>
					<hkparam name="boneIndices2">3</hkparam>
					<hkparam name="boneIndices3">2</hkparam>
					<hkparam name="boneIndices4">0</hkparam>
					<hkparam name="boneIndices5">12</hkparam>
					<hkparam name="boneIndices6">10</hkparam>
					<hkparam name="boneIndices7">2</hkparam>
					<hkparam name="boneIndices8">0</hkparam>
					<hkparam name="boneIndices9">12</hkparam>
					<hkparam name="boneIndices10">10</hkparam>
					<hkparam name="boneIndices11">2</hkparam>
					<hkparam name="boneIndices12">0</hkparam>
					<hkparam name="boneIndices13">12</hkparam>
					<hkparam name="boneIndices14">10</hkparam>
					<hkparam name="boneIndices15">3</hkparam>
					<hkparam name="boneIndices16">2</hkparam>
					<hkparam name="boneIndices17">12</hkparam>
					<hkparam name="boneIndices18">10</hkparam>
					<hkparam name="boneIndices19">2</hkparam>
					<hkparam name="boneIndices20">0</hkparam>
					<hkparam name="boneIndices21">12</hkparam>
					<hkparam name="boneIndices22">10</hkparam>
					<hkparam name="boneIndices23">2</hkparam>
					<hkparam name="boneIndices24">0</hkparam>
					<hkparam name="boneIndices25">12</hkparam>
					<hkparam name="boneIndices26">10</hkparam>
					<hkparam name="boneIndices27">2</hkparam>
					<hkparam name="boneIndices28">0</hkparam>
					<hkparam name="boneIndices29">12</hkparam>
					<hkparam name="boneIndices30">10</hkparam>
					<hkparam name="boneIndices31">3</hkparam>
					<hkparam name="boneIndices32">2</hkparam>
					<hkparam name="boneIndices33">12</hkparam>
					<hkparam name="boneIndices34">10</hkparam>
					<hkparam name="boneIndices35">2</hkparam>
					<hkparam name="boneIndices36">0</hkparam>
					<hkparam name="boneIndices37">12</hkparam>
					<hkparam name="boneIndices38">10</hkparam>
					<hkparam name="boneIndices39">2</hkparam>
					<hkparam name="boneIndices40">0</hkparam>
					<hkparam name="boneIndices41">12</hkparam>
					<hkparam name="boneIndices42">10</hkparam>
					<hkparam name="boneIndices43">3</hkparam>
					<hkparam name="boneIndices44">2</hkparam>
					<hkparam name="boneIndices45">12</hkparam>
					<hkparam name="boneIndices46">10</hkparam>
					<hkparam name="boneIndices47">3</hkparam>
					<hkparam name="boneIndices48">2</hkparam>
					<hkparam name="boneIndices49">12</hkparam>
					<hkparam name="boneIndices50">3</hkparam>
					<hkparam name="boneIndices51">2</hkparam>
					<hkparam name="boneIndices52">0</hkparam>
					<hkparam name="boneIndices53">12</hkparam>
					<hkparam name="boneIndices54">10</hkparam>
					<hkparam name="boneIndices55">2</hkparam>
					<hkparam name="boneIndices56">0</hkparam>
					<hkparam name="boneIndices57">11</hkparam>
					<hkparam name="boneIndices58">0</hkparam>
					<hkparam name="boneIndices59">2</hkparam>
					<hkparam name="boneIndices60">10</hkparam>
					<hkparam name="boneIndices61">10</hkparam>
					<hkparam name="boneIndices62">2</hkparam>
					<hkparam name="boneIndices63">10</hkparam>
					<hkparam name="boneIndices64">10</hkparam>
					<hkparam name="boneWeights1">41</hkparam>
					<hkparam name="boneWeights2">69</hkparam>
					<hkparam name="boneWeights3">128</hkparam>
					<hkparam name="boneWeights4">17</hkparam>
					<hkparam name="boneWeights5">5</hkparam>
					<hkparam name="boneWeights6">128</hkparam>
					<hkparam name="boneWeights7">87</hkparam>
					<hkparam name="boneWeights8">35</hkparam>
					<hkparam name="boneWeights9">8</hkparam>
					<hkparam name="boneWeights10">114</hkparam>
					<hkparam name="boneWeights11">90</hkparam>
					<hkparam name="boneWeights12">43</hkparam>
					<hkparam name="boneWeights13">58</hkparam>
					<hkparam name="boneWeights14">2</hkparam>
					<hkparam name="boneWeights15">44</hkparam>
					<hkparam name="boneWeights16">151</hkparam>
					<hkparam name="boneWeights17">1</hkparam>
					<hkparam name="boneWeights18">165</hkparam>
					<hkparam name="boneWeights19">70</hkparam>
					<hkparam name="boneWeights20">19</hkparam>
					<hkparam name="boneWeights21">5</hkparam>
					<hkparam name="boneWeights22">128</hkparam>
					<hkparam name="boneWeights23">87</hkparam>
					<hkparam name="boneWeights24">35</hkparam>
					<hkparam name="boneWeights25">5</hkparam>
					<hkparam name="boneWeights26">128</hkparam>
					<hkparam name="boneWeights27">87</hkparam>
					<hkparam name="boneWeights28">35</hkparam>
					<hkparam name="boneWeights29">58</hkparam>
					<hkparam name="boneWeights30">2</hkparam>
					<hkparam name="boneWeights31">44</hkparam>
					<hkparam name="boneWeights32">151</hkparam>
					<hkparam name="boneWeights33">8</hkparam>
					<hkparam name="boneWeights34">114</hkparam>
					<hkparam name="boneWeights35">90</hkparam>
					<hkparam name="boneWeights36">43</hkparam>
					<hkparam name="boneWeights37">1</hkparam>
					<hkparam name="boneWeights38">166</hkparam>
					<hkparam name="boneWeights39">70</hkparam>
					<hkparam name="boneWeights40">18</hkparam>
					<hkparam name="boneWeights41">63</hkparam>
					<hkparam name="boneWeights42">21</hkparam>
					<hkparam name="boneWeights43">32</hkparam>
					<hkparam name="boneWeights44">139</hkparam>
					<hkparam name="boneWeights45">63</hkparam>
					<hkparam name="boneWeights46">21</hkparam>
					<hkparam name="boneWeights47">32</hkparam>
					<hkparam name="boneWeights48">139</hkparam>
					<hkparam name="boneWeights49">41</hkparam>
					<hkparam name="boneWeights50">69</hkparam>
					<hkparam name="boneWeights51">128</hkparam>
					<hkparam name="boneWeights52">17</hkparam>
					<hkparam name="boneWeights53">8</hkparam>
					<hkparam name="boneWeights54">114</hkparam>
					<hkparam name="boneWeights55">90</hkparam>
					<hkparam name="boneWeights56">43</hkparam>
					<hkparam name="boneWeights57">1</hkparam>
					<hkparam name="boneWeights58">23</hkparam>
					<hkparam name="boneWeights59">83</hkparam>
					<hkparam name="boneWeights60">148</hkparam>
					<hkparam name="boneWeights61">47</hkparam>
					<hkparam name="boneWeights62">208</hkparam>
					<hkparam name="boneWeights63">0</hkparam>
					<hkparam name="boneWeights64">0</hkparam>
				</hkobject>
			</hkparam>
			<hkparam name="threeBlendEntries" numelements="2">
				<hkobject>
					<hkparam name="vertexIndices1">0</hkparam>
					<hkparam name="vertexIndices2">1</hkparam>
					<hkparam name="vertexIndices3">3</hkparam>
					<hkparam name="vertexIndices4">4</hkparam>
					<hkparam name="vertexIndices5">6</hkparam>
					<hkparam name="vertexIndices6">8</hkparam>
					<hkparam name="vertexIndices7">13</hkparam>
					<hkparam name="vertexIndices8">16</hkparam>
					<hkparam name="vertexIndices9">18</hkparam>
					<hkparam name="vertexIndices10">19</hkparam>
					<hkparam name="vertexIndices11">20</hkparam>
					<hkparam name="vertexIndices12">22</hkparam>
					<hkparam name="vertexIndices13">24</hkparam>
					<hkparam name="vertexIndices14">29</hkparam>
					<hkparam name="vertexIndices15">30</hkparam>
					<hkparam name="vertexIndices16">32</hkparam>
					<hkparam name="boneIndices1">10</hkparam>
					<hkparam name="boneIndices2">2</hkparam>
					<hkparam name="boneIndices3">1</hkparam>
					<hkparam name="boneIndices4">8</hkparam>
					<hkparam name="boneIndices5">10</hkparam>
					<hkparam name="boneIndices6">1</hkparam>
					<hkparam name="boneIndices7">8</hkparam>
					<hkparam name="boneIndices8">10</hkparam>
					<hkparam name="boneIndices9">1</hkparam>
					<hkparam name="boneIndices10">10</hkparam>
					<hkparam name="boneIndices11">2</hkparam>
					<hkparam name="boneIndices12">1</hkparam>
					<hkparam name="boneIndices13">10</hkparam>
					<hkparam name="boneIndices14">2</hkparam>
					<hkparam name="boneIndices15">1</hkparam>
					<hkparam name="boneIndices16">10</hkparam>
					<hkparam name="boneIndices17">9</hkparam>
					<hkparam name="boneIndices18">2</hkparam>
					<hkparam name="boneIndices19">10</hkparam>
					<hkparam name="boneIndices20">9</hkparam>
					<hkparam name="boneIndices21">2</hkparam>
					<hkparam name="boneIndices22">10</hkparam>
					<hkparam name="boneIndices23">9</hkparam>
					<hkparam name="boneIndices24">2</hkparam>
					<hkparam name="boneIndices25">10</hkparam>
					<hkparam name="boneIndices26">2</hkparam>
					<hkparam name="boneIndices27">1</hkparam>
					<hkparam name="boneIndices28">10</hkparam>
					<hkparam name="boneIndices29">8</hkparam>
					<hkparam name="boneIndices30">1</hkparam>
					<hkparam name="boneIndices31">10</hkparam>
					<hkparam name="boneIndices32">2</hkparam>
					<hkparam name="boneIndices33">1</hkparam>
					<hkparam name="boneIndices34">10</hkparam>
					<hkparam name="boneIndices35">2</hkparam>
					<hkparam name="boneIndices36">1</hkparam>
					<hkparam name="boneIndices37">10</hkparam>
					<hkparam name="boneIndices38">9</hkparam>
					<hkparam name="boneIndices39">2</hkparam>
					<hkparam name="boneIndices40">10</hkparam>
					<hkparam name="boneIndices41">9</hkparam>
					<hkparam name="boneIndices42">2</hkparam>
					<hkparam name="boneIndices43">10</hkparam>
					<hkparam name="boneIndices44">2</hkparam>
					<hkparam name="boneIndices45">0</hkparam>
					<hkparam name="boneIndices46">10</hkparam>
					<hkparam name="boneIndices47">9</hkparam>
					<hkparam name="boneIndices48">2</hkparam>
					<hkparam name="boneWeights1">68</hkparam>
					<hkparam name="boneWeights2">110</hkparam>
					<hkparam name="boneWeights3">77</hkparam>
					<hkparam name="boneWeights4">94</hkparam>
					<hkparam name="boneWeights5">105</hkparam>
					<hkparam name="boneWeights6">56</hkparam>
					<hkparam name="boneWeights7">142</hkparam>
					<hkparam name="boneWeights8">107</hkparam>
					<hkparam name="boneWeights9">6</hkparam>
					<hkparam name="boneWeights10">106</hkparam>
					<hkparam name="boneWeights11">95</hkparam>
					<hkparam name="boneWeights12">54</hkparam>
					<hkparam name="boneWeights13">76</hkparam>
					<hkparam name="boneWeights14">119</hkparam>
					<hkparam name="boneWeights15">60</hkparam>
					<hkparam name="boneWeights16">100</hkparam>
					<hkparam name="boneWeights17">10</hkparam>
					<hkparam name="boneWeights18">145</hkparam>
					<hkparam name="boneWeights19">194</hkparam>
					<hkparam name="boneWeights20">4</hkparam>
					<hkparam name="boneWeights21">57</hkparam>
					<hkparam name="boneWeights22">194</hkparam>
					<hkparam name="boneWeights23">4</hkparam>
					<hkparam name="boneWeights24">57</hkparam>
					<hkparam name="boneWeights25">72</hkparam>
					<hkparam name="boneWeights26">109</hkparam>
					<hkparam name="boneWeights27">74</hkparam>
					<hkparam name="boneWeights28">105</hkparam>
					<hkparam name="boneWeights29">94</hkparam>
					<hkparam name="boneWeights30">56</hkparam>
					<hkparam name="boneWeights31">80</hkparam>
					<hkparam name="boneWeights32">117</hkparam>
					<hkparam name="boneWeights33">58</hkparam>
					<hkparam name="boneWeights34">106</hkparam>
					<hkparam name="boneWeights35">95</hkparam>
					<hkparam name="boneWeights36">54</hkparam>
					<hkparam name="boneWeights37">106</hkparam>
					<hkparam name="boneWeights38">2</hkparam>
					<hkparam name="boneWeights39">147</hkparam>
					<hkparam name="boneWeights40">194</hkparam>
					<hkparam name="boneWeights41">4</hkparam>
					<hkparam name="boneWeights42">57</hkparam>
					<hkparam name="boneWeights43">149</hkparam>
					<hkparam name="boneWeights44">81</hkparam>
					<hkparam name="boneWeights45">25</hkparam>
					<hkparam name="boneWeights46">194</hkparam>
					<hkparam name="boneWeights47">4</hkparam>
					<hkparam name="boneWeights48">57</hkparam>
				</hkobject>
				<hkobject>
					<hkparam name="vertexIndices1">40</hkparam>
					<hkparam name="vertexIndices2">45</hkparam>
					<hkparam name="vertexIndices3">47</hkparam>
					<hkparam name="vertexIndices4">54</hkparam>
					<hkparam name="vertexIndices5">62</hkparam>
					<hkparam name="vertexIndices6">9</hkparam>
					<hkparam name="vertexIndices7">10</hkparam>
					<hkparam name="vertexIndices8">11</hkparam>
					<hkparam name="vertexIndices9">12</hkparam>
					<hkparam name="vertexIndices10">17</hkparam>
					<hkparam name="vertexIndices11">23</hkparam>
					<hkparam name="vertexIndices12">25</hkparam>
					<hkparam name="vertexIndices13">26</hkparam>
					<hkparam name="vertexIndices14">27</hkparam>
					<hkparam name="vertexIndices15">28</hkparam>
					<hkparam name="vertexIndices16">31</hkparam>
					<hkparam name="boneIndices1">10</hkparam>
					<hkparam name="boneIndices2">2</hkparam>
					<hkparam name="boneIndices3">0</hkparam>
					<hkparam name="boneIndices4">10</hkparam>
					<hkparam name="boneIndices5">2</hkparam>
					<hkparam name="boneIndices6">0</hkparam>
					<hkparam name="boneIndices7">12</hkparam>
					<hkparam name="boneIndices8">3</hkparam>
					<hkparam name="boneIndices9">2</hkparam>
					<hkparam name="boneIndices10">12</hkparam>
					<hkparam name="boneIndices11">3</hkparam>
					<hkparam name="boneIndices12">2</hkparam>
					<hkparam name="boneIndices13">10</hkparam>
					<hkparam name="boneIndices14">2</hkparam>
					<hkparam name="boneIndices15">0</hkparam>
					<hkparam name="boneIndices16">10</hkparam>
					<hkparam name="boneIndices17">2</hkparam>
					<hkparam name="boneIndices18">10</hkparam>
					<hkparam name="boneIndices19">10</hkparam>
					<hkparam name="boneIndices20">2</hkparam>
					<hkparam name="boneIndices21">10</hkparam>
					<hkparam name="boneIndices22">10</hkparam>
					<hkparam name="boneIndices23">2</hkparam>
					<hkparam name="boneIndices24">10</hkparam>
					<hkparam name="boneIndices25">10</hkparam>
					<hkparam name="boneIndices26">2</hkparam>
					<hkparam name="boneIndices27">10</hkparam>
					<hkparam name="boneIndices28">10</hkparam>
					<hkparam name="boneIndices29">2</hkparam>
					<hkparam name="boneIndices30">10</hkparam>
					<hkparam name="boneIndices31">10</hkparam>
					<hkparam name="boneIndices32">2</hkparam>
					<hkparam name="boneIndices33">10</hkparam>
					<hkparam name="boneIndices34">10</hkparam>
					<hkparam name="boneIndices35">2</hkparam>
					<hkparam name="boneIndices36">10</hkparam>
					<hkparam name="boneIndices37">10</hkparam>
					<hkparam name="boneIndices38">2</hkparam>
					<hkparam name="boneIndices39">10</hkparam>
					<hkparam name="boneIndices40">10</hkparam>
					<hkparam name="boneIndices41">2</hkparam>
					<hkparam name="boneIndices42">10</hkparam>
					<hkparam name="boneIndices43">10</hkparam>
					<hkparam name="boneIndices44">2</hkparam>
					<hkparam name="boneIndices45">10</hkparam>
					<hkparam name="boneIndices46">10</hkparam>
					<hkparam name="boneIndices47">2</hkparam>
					<hkparam name="boneIndices48">10</hkparam>
					<hkparam name="boneWeights1">149</hkparam>
					<hkparam name="boneWeights2">81</hkparam>
					<hkparam name="boneWeights3">25</hkparam>
					<hkparam name="boneWeights4">149</hkparam>
					<hkparam name="boneWeights5">81</hkparam>
					<hkparam name="boneWeights6">25</hkparam>
					<hkparam name="boneWeights7">32</hkparam>
					<hkparam name="boneWeights8">67</hkparam>
					<hkparam name="boneWeights9">156</hkparam>
					<hkparam name="boneWeights10">32</hkparam>
					<hkparam name="boneWeights11">67</hkparam>
					<hkparam name="boneWeights12">156</hkparam>
					<hkparam name="boneWeights13">149</hkparam>
					<hkparam name="boneWeights14">81</hkparam>
					<hkparam name="boneWeights15">25</hkparam>
					<hkparam name="boneWeights16">68</hkparam>
					<hkparam name="boneWeights17">187</hkparam>
					<hkparam name="boneWeights18">0</hkparam>
					<hkparam name="boneWeights19">211</hkparam>
					<hkparam name="boneWeights20">44</hkparam>
					<hkparam name="boneWeights21">0</hkparam>
					<hkparam name="boneWeights22">204</hkparam>
					<hkparam name="boneWeights23">51</hkparam>
					<hkparam name="boneWeights24">0</hkparam>
					<hkparam name="boneWeights25">211</hkparam>
					<hkparam name="boneWeights26">44</hkparam>
					<hkparam name="boneWeights27">0</hkparam>
					<hkparam name="boneWeights28">211</hkparam>
					<hkparam name="boneWeights29">44</hkparam>
					<hkparam name="boneWeights30">0</hkparam>
					<hkparam name="boneWeights31">53</hkparam>
					<hkparam name="boneWeights32">202</hkparam>
					<hkparam name="boneWeights33">0</hkparam>
					<hkparam name="boneWeights34">72</hkparam>
					<hkparam name="boneWeights35">183</hkparam>
					<hkparam name="boneWeights36">0</hkparam>
					<hkparam name="boneWeights37">204</hkparam>
					<hkparam name="boneWeights38">51</hkparam>
					<hkparam name="boneWeights39">0</hkparam>
					<hkparam name="boneWeights40">211</hkparam>
					<hkparam name="boneWeights41">44</hkparam>
					<hkparam name="boneWeights42">0</hkparam>
					<hkparam name="boneWeights43">211</hkparam>
					<hkparam name="boneWeights44">44</hkparam>
					<hkparam name="boneWeights45">0</hkparam>
					<hkparam name="boneWeights46">211</hkparam>
					<hkparam name="boneWeights47">44</hkparam>
					<hkparam name="boneWeights48">0</hkparam>
				</hkobject>
			</hkparam>
			<hkparam name="twoBlendEntries" numelements="0"/>
			<hkparam name="oneBlendEntries" numelements="0"/>
			<hkparam name="controlBytes" numelements="4">1 1 0 0</hkparam>
			<hkparam name="startVertexIndex">0</hkparam>
			<hkparam name="endVertexIndex">63</hkparam>
			<hkparam name="batchSizeSpu">512</hkparam>
			<hkparam name="partialWrite">false</hkparam>
		</hkobject>
	</hkparam>
	<hkparam name="localPNs" numelements="4">
		<hkobject>
			<hkparam name="localPosition1">65185</hkparam>
			<hkparam name="localPosition2">64131</hkparam>
			<hkparam name="localPosition3">29544</hkparam>
			<hkparam name="localPosition4">13184</hkparam>
			<hkparam name="localPosition5">65185</hkparam>
			<hkparam name="localPosition6">63828</hkparam>
			<hkparam name="localPosition7">28847</hkparam>
			<hkparam name="localPosition8">13184</hkparam>
			<hkparam name="localPosition9">0</hkparam>
			<hkparam name="localPosition10">64081</hkparam>
			<hkparam name="localPosition11">29564</hkparam>
			<hkparam name="localPosition12">13184</hkparam>
			<hkparam name="localPosition13">64393</hkparam>
			<hkparam name="localPosition14">64146</hkparam>
			<hkparam name="localPosition15">28856</hkparam>
			<hkparam name="localPosition16">13184</hkparam>
			<hkparam name="localPosition17">64806</hkparam>
			<hkparam name="localPosition18">64211</hkparam>
			<hkparam name="localPosition19">29540</hkparam>
			<hkparam name="localPosition20">13184</hkparam>
			<hkparam name="localPosition21">64198</hkparam>
			<hkparam name="localPosition22">64549</hkparam>
			<hkparam name="localPosition23">28769</hkparam>
			<hkparam name="localPosition24">13184</hkparam>
			<hkparam name="localPosition25">64003</hkparam>
			<hkparam name="localPosition26">65080</hkparam>
			<hkparam name="localPosition27">28263</hkparam>
			<hkparam name="localPosition28">13184</hkparam>
			<hkparam name="localPosition29">64003</hkparam>
			<hkparam name="localPosition30">65080</hkparam>
			<hkparam name="localPosition31">28263</hkparam>
			<hkparam name="localPosition32">13184</hkparam>
			<hkparam name="localPosition33">351</hkparam>
			<hkparam name="localPosition34">64131</hkparam>
			<hkparam name="localPosition35">29544</hkparam>
			<hkparam name="localPosition36">13184</hkparam>
			<hkparam name="localPosition37">351</hkparam>
			<hkparam name="localPosition38">63828</hkparam>
			<hkparam name="localPosition39">28846</hkparam>
			<hkparam name="localPosition40">13184</hkparam>
			<hkparam name="localPosition41">730</hkparam>
			<hkparam name="localPosition42">64211</hkparam>
			<hkparam name="localPosition43">29540</hkparam>
			<hkparam name="localPosition44">13184</hkparam>
			<hkparam name="localPosition45">1097</hkparam>
			<hkparam name="localPosition46">64147</hkparam>
			<hkparam name="localPosition47">28856</hkparam>
			<hkparam name="localPosition48">13184</hkparam>
			<hkparam name="localPosition49">1345</hkparam>
			<hkparam name="localPosition50">64549</hkparam>
			<hkparam name="localPosition51">28769</hkparam>
			<hkparam name="localPosition52">13184</hkparam>
			<hkparam name="localPosition53">1533</hkparam>
			<hkparam name="localPosition54">65080</hkparam>
			<hkparam name="localPosition55">28263</hkparam>
			<hkparam name="localPosition56">13184</hkparam>
			<hkparam name="localPosition57">1225</hkparam>
			<hkparam name="localPosition58">276</hkparam>
			<hkparam name="localPosition59">28385</hkparam>
			<hkparam name="localPosition60">13184</hkparam>
			<hkparam name="localPosition61">1533</hkparam>
			<hkparam name="localPosition62">65080</hkparam>
			<hkparam name="localPosition63">28263</hkparam>
			<hkparam name="localPosition64">13184</hkparam>
			<hkparam name="localNormal1">60041</hkparam>
			<hkparam name="localNormal2">35847</hkparam>
			<hkparam name="localNormal3">12732</hkparam>
			<hkparam name="localNormal4">12288</hkparam>
			<hkparam name="localNormal5">60660</hkparam>
			<hkparam name="localNormal6">35826</hkparam>
			<hkparam name="localNormal7">12933</hkparam>
			<hkparam name="localNormal8">12288</hkparam>
			<hkparam name="localNormal9">0</hkparam>
			<hkparam name="localNormal10">35263</hkparam>
			<hkparam name="localNormal11">12541</hkparam>
			<hkparam name="localNormal12">12288</hkparam>
			<hkparam name="localNormal13">42259</hkparam>
			<hkparam name="localNormal14">46279</hkparam>
			<hkparam name="localNormal15">12692</hkparam>
			<hkparam name="localNormal16">12288</hkparam>
			<hkparam name="localNormal17">51931</hkparam>
			<hkparam name="localNormal18">39089</hkparam>
			<hkparam name="localNormal19">13756</hkparam>
			<hkparam name="localNormal20">12288</hkparam>
			<hkparam name="localNormal21">35370</hkparam>
			<hkparam name="localNormal22">59201</hkparam>
			<hkparam name="localNormal23">11119</hkparam>
			<hkparam name="localNormal24">12288</hkparam>
			<hkparam name="localNormal25">34381</hkparam>
			<hkparam name="localNormal26">64956</hkparam>
			<hkparam name="localNormal27">10139</hkparam>
			<hkparam name="localNormal28">12288</hkparam>
			<hkparam name="localNormal29">37457</hkparam>
			<hkparam name="localNormal30">8844</hkparam>
			<hkparam name="localNormal31">14392</hkparam>
			<hkparam name="localNormal32">12288</hkparam>
			<hkparam name="localNormal33">5495</hkparam>
			<hkparam name="localNormal34">35847</hkparam>
			<hkparam name="localNormal35">12732</hkparam>
			<hkparam name="localNormal36">12288</hkparam>
			<hkparam name="localNormal37">4876</hkparam>
			<hkparam name="localNormal38">35826</hkparam>
			<hkparam name="localNormal39">12933</hkparam>
			<hkparam name="localNormal40">12288</hkparam>
			<hkparam name="localNormal41">14063</hkparam>
			<hkparam name="localNormal42">39075</hkparam>
			<hkparam name="localNormal43">13258</hkparam>
			<hkparam name="localNormal44">12288</hkparam>
			<hkparam name="localNormal45">22781</hkparam>
			<hkparam name="localNormal46">45170</hkparam>
			<hkparam name="localNormal47">11833</hkparam>
			<hkparam name="localNormal48">12288</hkparam>
			<hkparam name="localNormal49">30034</hkparam>
			<hkparam name="localNormal50">58446</hkparam>
			<hkparam name="localNormal51">11019</hkparam>
			<hkparam name="localNormal52">12288</hkparam>
			<hkparam name="localNormal53">31155</hkparam>
			<hkparam name="localNormal54">64956</hkparam>
			<hkparam name="localNormal55">10139</hkparam>
			<hkparam name="localNormal56">12288</hkparam>
			<hkparam name="localNormal57">26874</hkparam>
			<hkparam name="localNormal58">8554</hkparam>
			<hkparam name="localNormal59">16685</hkparam>
			<hkparam name="localNormal60">12288</hkparam>
			<hkparam name="localNormal61">27970</hkparam>
			<hkparam name="localNormal62">9423</hkparam>
			<hkparam name="localNormal63">14236</hkparam>
			<hkparam name="localNormal64">12288</hkparam>
		</hkobject>
		<hkobject>
			<hkparam name="localPosition1">1225</hkparam>
			<hkparam name="localPosition2">276</hkparam>
			<hkparam name="localPosition3">28385</hkparam>
			<hkparam name="localPosition4">13184</hkparam>
			<hkparam name="localPosition5">1225</hkparam>
			<hkparam name="localPosition6">276</hkparam>
			<hkparam name="localPosition7">28385</hkparam>
			<hkparam name="localPosition8">13184</hkparam>
			<hkparam name="localPosition9">64206</hkparam>
			<hkparam name="localPosition10">2040</hkparam>
			<hkparam name="localPosition11">27166</hkparam>
			<hkparam name="localPosition12">13184</hkparam>
			<hkparam name="localPosition13">64206</hkparam>
			<hkparam name="localPosition14">2040</hkparam>
			<hkparam name="localPosition15">27166</hkparam>
			<hkparam name="localPosition16">13184</hkparam>
			<hkparam name="localPosition17">1225</hkparam>
			<hkparam name="localPosition18">276</hkparam>
			<hkparam name="localPosition19">28385</hkparam>
			<hkparam name="localPosition20">13184</hkparam>
			<hkparam name="localPosition21">64378</hkparam>
			<hkparam name="localPosition22">64831</hkparam>
			<hkparam name="localPosition23">29352</hkparam>
			<hkparam name="localPosition24">13184</hkparam>
			<hkparam name="localPosition25">64296</hkparam>
			<hkparam name="localPosition26">65104</hkparam>
			<hkparam name="localPosition27">29228</hkparam>
			<hkparam name="localPosition28">13184</hkparam>
			<hkparam name="localPosition29">64089</hkparam>
			<hkparam name="localPosition30">64844</hkparam>
			<hkparam name="localPosition31">28515</hkparam>
			<hkparam name="localPosition32">13184</hkparam>
			<hkparam name="localPosition33">64213</hkparam>
			<hkparam name="localPosition34">65312</hkparam>
			<hkparam name="localPosition35">28922</hkparam>
			<hkparam name="localPosition36">13184</hkparam>
			<hkparam name="localPosition37">64213</hkparam>
			<hkparam name="localPosition38">65312</hkparam>
			<hkparam name="localPosition39">28922</hkparam>
			<hkparam name="localPosition40">13184</hkparam>
			<hkparam name="localPosition41">1024</hkparam>
			<hkparam name="localPosition42">64481</hkparam>
			<hkparam name="localPosition43">29478</hkparam>
			<hkparam name="localPosition44">13184</hkparam>
			<hkparam name="localPosition45">1158</hkparam>
			<hkparam name="localPosition46">64831</hkparam>
			<hkparam name="localPosition47">29352</hkparam>
			<hkparam name="localPosition48">13184</hkparam>
			<hkparam name="localPosition49">1447</hkparam>
			<hkparam name="localPosition50">64844</hkparam>
			<hkparam name="localPosition51">28515</hkparam>
			<hkparam name="localPosition52">13184</hkparam>
			<hkparam name="localPosition53">1240</hkparam>
			<hkparam name="localPosition54">65104</hkparam>
			<hkparam name="localPosition55">29228</hkparam>
			<hkparam name="localPosition56">13184</hkparam>
			<hkparam name="localPosition57">1323</hkparam>
			<hkparam name="localPosition58">65312</hkparam>
			<hkparam name="localPosition59">28922</hkparam>
			<hkparam name="localPosition60">13184</hkparam>
			<hkparam name="localPosition61">1323</hkparam>
			<hkparam name="localPosition62">65312</hkparam>
			<hkparam name="localPosition63">28922</hkparam>
			<hkparam name="localPosition64">13184</hkparam>
			<hkparam name="localNormal1">16404</hkparam>
			<hkparam name="localNormal2">8857</hkparam>
			<hkparam name="localNormal3">26949</hkparam>
			<hkparam name="localNormal4">12288</hkparam>
			<hkparam name="localNormal5">15491</hkparam>
			<hkparam name="localNormal6">12965</hkparam>
			<hkparam name="localNormal7">25801</hkparam>
			<hkparam name="localNormal8">12288</hkparam>
			<hkparam name="localNormal9">986</hkparam>
			<hkparam name="localNormal10">19638</hkparam>
			<hkparam name="localNormal11">26213</hkparam>
			<hkparam name="localNormal12">12288</hkparam>
			<hkparam name="localNormal13">58310</hkparam>
			<hkparam name="localNormal14">18846</hkparam>
			<hkparam name="localNormal15">25814</hkparam>
			<hkparam name="localNormal16">12288</hkparam>
			<hkparam name="localNormal17">640</hkparam>
			<hkparam name="localNormal18">13859</hkparam>
			<hkparam name="localNormal19">29686</hkparam>
			<hkparam name="localNormal20">12288</hkparam>
			<hkparam name="localNormal21">35498</hkparam>
			<hkparam name="localNormal22">60039</hkparam>
			<hkparam name="localNormal23">11885</hkparam>
